Jogo 001: 19, 23, 25, 44, 46, 50
Jogo 002: 02, 17, 32, 45, 52, 56
Jogo 003: 04, 28, 47, 50, 51, 55
Jogo 004: 08, 19, 27, 42, 47, 55
Jogo 005: 03, 08, 11, 14, 27, 32
Jogo 006: 06, 07, 10, 28, 33, 57
Jogo 007: 13, 15, 22, 49, 53, 54
Jogo 008: 17, 30, 33, 38, 45, 48
Jogo 009: 06, 08, 09, 14, 33, 55
Jogo 010: 13, 21, 27, 42, 52, 54

Jogo 001: 09, 11, 26, 27, 29, 41
Jogo 002: 19, 27, 35, 42, 57, 58
Jogo 003: 10, 15, 19, 32, 47, 59
Jogo 004: 10, 16, 34, 42, 53, 58
Jogo 005: 11, 13, 36, 47, 48, 55
Jogo 006: 23, 26, 35, 37, 44, 59
Jogo 007: 05, 15, 18, 19, 21, 27
Jogo 008: 13, 18, 23, 24, 36, 43
Jogo 009: 03, 10, 12, 16, 32, 53
Jogo 010: 12, 14, 33, 38, 46, 52